l = [[-1] for i in range(31)]
l[1] = [1, 1]
l[3] = [6, 3, 2, 1]
l[4] = [20, 10, 5, 4, 1]
l[5] = [30, 15, 6, 5, 3, 1]
l[6] = [60, 30, 12, 10, 4, 3, 1]
l[7] = [60, 30, 12, 6, 5, 4, 2, 1]
l[8] = [96, 1, 2, 3, 6, 12, 16, 24, 32]
l[9] = [96, 1, 2, 3, 4, 6, 8, 16, 24, 32]
l[10] = [120, 1, 2, 4, 6, 8, 10, 15, 20, 24, 30]
l[11] = [120, 1, 2, 3, 4, 5, 6, 10, 15, 20, 24, 30]
l[12] = [120, 1, 2, 3, 4, 5, 6, 8, 10, 12, 15, 24, 30]
l[13] = [180, 1, 2, 3, 4, 5, 6, 9, 10, 12, 18, 20, 30, 60]
l[14] = [180, 1, 2, 3, 4, 5, 6, 9, 10, 12, 15, 18, 20, 30, 45]
l[15] = [240, 1, 2, 3, 4, 5, 6, 8, 10, 12, 15, 16, 20, 30, 48, 60]
l[16] = [360, 1, 2, 3, 5, 8, 9, 10, 12, 15, 18, 24, 36, 40, 45, 60, 72]
l[17] = [360, 1, 2, 3, 4, 5, 8, 9, 10, 12, 15, 18, 20, 36, 40, 45, 60, 72]
l[18] = [360, 1, 2, 3, 4, 5, 6, 8, 9, 10, 12, 15, 18, 20, 30, 40, 45, 60, 72]
l[19] = [360, 1, 2, 3, 4, 5, 6, 8, 9, 10, 12, 15, 18, 20, 24, 30, 36, 40, 45, 72]
l[20] = [672, 1, 2, 3, 4, 6, 7, 8, 12, 14, 16, 21, 24, 28, 32, 42, 48, 56, 84, 96, 168]
l[21] = [720, 2, 3, 4, 6, 9, 10, 12, 15, 16, 18, 20, 24, 30, 36, 45, 48, 60, 72, 80, 90, 120]
l[22] = [720, 1, 2, 3, 4, 5, 9, 10, 12, 15, 16, 18, 20, 24, 30, 36, 45, 48, 60, 72, 80, 90, 120]
l[23] = [720, 1, 2, 3, 4, 5, 8, 9, 10, 12, 15, 16, 18, 20, 24, 30, 36, 40, 45, 60, 72, 80, 90, 120]
l[24] = [1080, 1, 2, 3, 4, 5, 6, 8, 9, 10, 15, 20, 24, 27, 30, 36, 40, 45, 54, 72, 90, 108, 120, 135, 216]
l[25] = [1080, 1, 2, 3, 4, 5, 6, 8, 9, 10, 12, 15, 18, 20, 24, 27, 36, 40, 45, 54, 72, 90, 108, 120, 135, 216]
l[26] = [1080, 1, 2, 3, 4, 5, 6, 8, 9, 10, 12, 15, 18, 20, 24, 27, 30, 36, 40, 45, 54, 60, 72, 108, 120, 135, 216]
l[27] = [1680, 1, 3, 5, 7, 14, 15, 16, 20, 21, 24, 28, 30, 35, 40, 42, 48, 56, 60, 70, 80, 84, 105, 112, 120, 140, 168, 336]
l[28] = l[27] = [1680, 1, 3, 5, 6, 7, 8, 15, 16, 20, 21, 24, 28, 30, 35, 40, 42, 48, 56, 60, 70, 80, 84, 105, 112, 120, 140, 168, 336]
n = int(input())
print(l[n][0])
for i in range(1, len(l[n])):
    print(l[n][i], end=' ')

