l = [[-1] for i in range(31)]
l[1] = [1, 1]
l[3] = [6, 3, 2, 1]
l[4] = [20, 10, 5, 4, 1]
l[5] = [30, 15, 6, 5, 3, 1]
l[6] = [60, 30, 12, 10, 4, 3, 1]
l[7] = [60, 30, 12, 6, 5, 4, 2, 1]
l[8] = [96, 1, 2, 3, 6, 12, 16, 24, 32]
l[9] = [96, 1, 2, 3, 4, 6, 8, 16, 24, 32]
l[10] = [120, 1, 2, 4, 6, 8, 10, 15, 20, 24, 30]
l[11] = [120, 1, 2, 3, 4, 5, 6, 10, 15, 20, 24, 30]
l[12] = [120, 1, 2, 3, 4, 5, 6, 8, 10, 12, 15, 24, 30]
l[13] = [180, 1, 2, 3, 4, 5, 6, 9, 10, 12, 18, 20, 30, 60]
l[14] = [180, 1, 2, 3, 4, 5, 6, 9, 10, 12, 15, 18, 20, 30, 45]
l[15] = [240, 1, 2, 3, 4, 5, 6, 8, 10, 12, 15, 16, 20, 30, 48, 60]
n = int(input())
print(l[n][0])
for i in range(1, len(l[n])):
    print(l[n][i], end=' ')

