n=int(input())
if n==1:
    print(1)
    print(1)
if n==2:
    print(-1)
if n==3:
    print(6)
    print(1,2,3)
if n==4:
    print(12)
    print(1,2,3,6)
if n==5:
    print(24)
    print(1,2,3,6,12)
if n==6:
    print(24)
    print(1,2,3,4,6,8)
if n==7:
    print(48)
    print(1,2,3,4,6,8,24)
if n==8:
    print(60)
    print(1,2,3,4,5,10,15,20)
if n==9:
    print(84)
    print(1,2,3,4,6,7,12,21,28)
if n==10:
    print(120)
    print(1,2,3,4,5,6,40,15,20,24)
if n==11:
    print(120)
    print(1,2,3,4,5,6,40,8,12,15,24)
if n==12:
    print(120)
    print(1,2,3,4,5,6,8,10,12,15,24,30)
if n==13:
    print(180)
    print(1,2,3,4,5,36,9,10,12,45,15,18,20)
if n==14:
    print(180)
    print(1,2,3,4,5,6,9,10,12,45,15,18,20,30)
if n==15:
    print(240)
    print(1,2,3,4,5,6,8,10,12,15,16,20,30,48,60)
if n==16:
    print(360)
    print(1,2,3,4,5,6,8,9,10,12,15,18,30,45,72,120)
if n==17:
    print(360)
    print(1,2,3,4,5,6,8,9,10,12,15,18,20,40,45,72,90)
if n==18:
    print(360)
    print(1,2,3,4,5,6,8,9,10,12,15,18,20,30,40,45,60,72)
if n==19:
    print(360)
    print(1,2,3,4,5,6,8,9,10,12,15,18,20,24,30,36,40,45,72)
if n==20:
    print(672)
    print(1,2,3,4,6,7,8,12,14,16,21,24,28,32,168,42,48,56,84,96)
if n==21:
    print(720)
    print(1,2,3,4,5,6,8,9,10,12,15,144,16,18,20,24,30,36,45,72,240)
if n==22:
    print(720)
    print(1,2,3,4,5,6,8,9,10,12,15,144,16,18,20,24,30,36,45,180,60,72)
if n==23:
    print(720)
    print(1,2,3,4,5,6,8,9,10,12,15,144,16,18,20,24,30,36,40,45,72,80,120)
if n==24:
    print(840)
    print(1,2,3,4,5,6,7,8,10,140,12,14,15,20,21,24,28,30,35,168,42,56,84,105)
if n==25:
    print(840)
    print(1,2,3,4,5,6,7,8,10,12,14,15,20,21,24,28,35,168,40,42,56,60,70,84,105)
if n==26:
    print(1080)
    print(1,2,3,4,5,6,135,8,9,10,12,15,18,20,24,27,30,36,40,45,180,60,72,90,108,120)
if n==27:
    print(1260)
    print(1,2,3,4,5,6,7,9,10,140,12,14,15,18,20,21,28,30,35,420,36,42,60,63,70,84,105)
if n==28:
    print(1260)
    print(1,2,3,4,5,6,7,9,10,140,12,14,15,18,20,21,28,30,35,36,42,45,180,60,60,90,105,252)
if n==29:
    print(1260)
    print(1,2,3,4,5,6,7,9,10,140,12,14,15,18,20,21,28,30,35,36,42,45,180,60,63,70,210,84,90)
if n==30:
    print(1680)
    print(1,2,3,4,5,6,7,8,10,12,140,14,15,16,20,21,280,24,28,30,35,420,40,42,48,60,80,84,105,120)
